<!DOCTYPE html>
<html lang="" xml:lang="">
  <head>
    <title>R programming_lecture 9</title>
    <meta charset="utf-8" />
    <meta name="author" content="kwangtae kim" />
    <script src="libs/header-attrs-2.11/header-attrs.js"></script>
    <script src="libs/clipboard-2.0.6/clipboard.min.js"></script>
    <link href="libs/xaringanExtra-clipboard-0.2.6/xaringanExtra-clipboard.css" rel="stylesheet" />
    <script src="libs/xaringanExtra-clipboard-0.2.6/xaringanExtra-clipboard.js"></script>
    <script>window.xaringanExtraClipboard(null, {"button":"Copy Code","success":"Copied!","error":"Press Ctrl+C to Copy"})</script>
    <link rel="stylesheet" href="xaringan-themer.css" type="text/css" />
  </head>
  <body>
    <textarea id="source">
class: center, middle, inverse, title-slide

# R programming_lecture 9
## ⚔<br/>with xaringan
### kwangtae kim
### Yonsei IOPsy
### 2022/02/01 (updated: 2022-02-13)

---








# 09. 기초 통계 

## 0. 학습 안내 
  
#### 이번에는 앞서 배운 내용들을 바탕으로 기초 통계 분석을 진행하려고 합니다  
    
  - 이미 다 알고 계시는 상관분석/회귀분석은 가장 기본적이지만 중요한 분석방법으로, 엑셀에서도 분석 가능합니다  
   
  - 전문 통계 프로그램을 활용하면 시각화 및 고급 분석으로의 확장에 장점이 있으므로, 분석 주제 및 데이터에 맞게 Tool을 선택하시면 될 것 같습니다  
  
  
  패키지명|설명  
  :-------:|:-----------------------------------------------------  
  tidyverse | 데이터를 tidy하게 다루기 위한 문법 집대성한 패키지  
  tidymodels | 각종 분석을 위한 각종 패키지를 집대성한 패키지  
  twidlr | 각종 분석을 tidy하게 진행하는데 도움을 주는 패키지  
  corrplot | 상관분석 결과 시각화 패키지  
  processR | Process macro를 R에서 편하게 돌릴 수 있는 패키지  
  stargazer | 기술 통계량 요약 패키지 
  
  [※ tidy data 개념](https://partrita.github.io/posts/tidy-data/)
  
  - 향후 각종 분석과 머신러닝 등을 위해 tidymodels 패키지를 설치해두시면 조금 더 편하게 분석/머신러닝을 진행하실 수 있습니다. 

---

## 1. 패키지 로딩  

#### 먼저, 필요한 패키지를 pacman 패키지 p_load 함수를 활용하여 한번에 불러오겠습니다. 



```r
pacman::p_load('tidyverse','tidymodels','twidlr','corrplot', 'processR', 'stargazer') 
```

  
  
---
## 2. 기초 통계량 확인

  - 지난 시간에 이어, R 내장 데이터인 mtcars 데이터와 아래의 네 가지 패키지를 활용하여 진행하고자 합니다  




---
## 3. 상관분석 

### 3.1 상관분석 기본 함수

* 저는 주로 시각화해서 상관 관계를 확인하고 데이터 분석을 진행합니다  
* 기술통계가 필요 없는 분들은 **corrplot 패키지로 시각화 하기**를 곧바로 참고해주셔도 됩니다.
  
&gt; **cor(데이터): 데이터의 변수 간 상관계수를 구하라**
  
* 앞서 공유 드렸듯이, mtcars는 총 11개 변수로 구성되어 있습니다.  
  
  
  ```
  [, 1]	mpg	Miles/(US) gallon
  [, 2]	cyl	Number of cylinders
  [, 3]	disp	Displacement (cu.in.)
  [, 4]	hp	Gross horsepower
  [, 5]	drat	Rear axle ratio
  [, 6]	wt	Weight (1000 lbs)
  [, 7]	qsec	1/4 mile time
  [, 8]	vs	Engine (0 = V-shaped, 1 = straight)
  [, 9]	am	Transmission (0 = automatic, 1 = manual)
  [,10]	gear	Number of forward gears
  [,11]	carb	Number of carburetors
  ```
  
---

### 3.2 상관분석 실시

#### 기본적인 변수간 상관 분석은 **cor()** 함수를 통해 바로 진행하실 수 있습니다.  
  

```r
# mtcars의 11개 변수 전부를 상관분석한 뒤, 그 결과를 tidy하게 확인해보겠습니다. 
mtcars%&gt;%cor%&gt;%tidy
```

```
## # A tibble: 11 x 1
##    x[,"mpg"] [,"cyl"] [,"disp"] [,"hp"] [,"drat"] [,"wt"] [,"qsec"] [,"vs"]
##        &lt;dbl&gt;    &lt;dbl&gt;     &lt;dbl&gt;   &lt;dbl&gt;     &lt;dbl&gt;   &lt;dbl&gt;     &lt;dbl&gt;   &lt;dbl&gt;
##  1     1       -0.852    -0.848  -0.776    0.681   -0.868    0.419    0.664
##  2    -0.852    1         0.902   0.832   -0.700    0.782   -0.591   -0.811
##  3    -0.848    0.902     1       0.791   -0.710    0.888   -0.434   -0.710
##  4    -0.776    0.832     0.791   1       -0.449    0.659   -0.708   -0.723
##  5     0.681   -0.700    -0.710  -0.449    1       -0.712    0.0912   0.440
##  6    -0.868    0.782     0.888   0.659   -0.712    1       -0.175   -0.555
##  7     0.419   -0.591    -0.434  -0.708    0.0912  -0.175    1        0.745
##  8     0.664   -0.811    -0.710  -0.723    0.440   -0.555    0.745    1    
##  9     0.600   -0.523    -0.591  -0.243    0.713   -0.692   -0.230    0.168
## 10     0.480   -0.493    -0.556  -0.126    0.700   -0.583   -0.213    0.206
## 11    -0.551    0.527     0.395   0.750   -0.0908   0.428   -0.656   -0.570
```

* mtcars 라는 데이터가 cor 라는 상관분석 함수로 들어가서 tidy라는 결과보기 함수로 들어가서 위와 같이 정리되어 보여집니다. 결과를 보면, 상관계수가 꽤 높은 것들도 많이 보입니다.  
  
* 상관분석 method도 pearson, spearman, kendall 중 선택하실 수 있으며, 이 중 default는 pearson으로 되어 있습니다.   
  
* 각 방법의 차이와 상관분석의 의미에 대해서는  아래 링크 참고해주시면 됩니다. 


  [&lt;1. 상관계수 종류 및 의미&gt;](https://bioinformaticsandme.tistory.com/58) [&lt;2.상관관계, 인과관계, 그리고 예측&gt;](https://otexts.com/fppkr/causality.html) [&lt;3.cor 함수 R document&gt;](https://www.rdocumentation.org/packages/stats/versions/3.6.2/topics/cor)  
  
---
  
### 3.3 상관분석 통계적 유의성 파악 

&gt; **cor.test(변수1, 변수2, '방법') : 변수1과 변수2의 상관계수를 '방법'을 활용하여 구하라** 
  
&gt; **cor.mtest(메트릭스 데이터,'방법','신뢰수준' ) : '신뢰수준'에서, '방법'을 활용하여   매트릭스 데이터 모든 변수의 상관계수를 구하라**

* 두 개의 변수에 대해서만 상관계수 검정을 하실 때는 cor.test 함수를 사용하시면 되고,  
두 개 이상의 변수에 대해 상관계수 검정을 하실 때는 cor.mtest 함수를 사용하시면 됩니다. 

* 우선, 상관계수가 높게 나온 cyl과 disp의 상관계수 검정을 cor.test 함수를 활용하여  진행해보겠습니다. 

---
### 3.3 상관분석 통계적 유의성 파악 


```r
# default로 설정되어 있는 pearson 방법을 활용하여 상관계수 검정을 진행해보겠습니다. 
cor.test(mtcars$cyl,mtcars$disp, method = 'pearson')
```

```
## 
## 	Pearson's product-moment correlation
## 
## data:  mtcars$cyl and mtcars$disp
## t = 11.445, df = 30, p-value = 1.803e-12
## alternative hypothesis: true correlation is not equal to 0
## 95 percent confidence interval:
##  0.8072442 0.9514607
## sample estimates:
##       cor 
## 0.9020329
```

* 검정 결과, p-value가 0.05보다 훨씬 작은 값이 나왔기에  
해당 상관 계수는 통계적으로 유의하다고 볼 수 있습니다.  

* "통계적으로 유의하다"는 표현을 앞으로도 자주 사용하게 될텐데, 분석을 하다보니 가장 중요한 것이 통계적인 지식인 것 같습니다. p-value에 대해서는 아래 강의 추천드립니다.  
  
  [유튜브 강의 : 1-3 왜 유의할까? - 도대체 p-값(p-value)는 무엇인가?](https://www.youtube.com./watch?v=5Xke4ao1g9E)
  
---

### 3.3 상관분석 통계적 유의성 파악 

* cor.mtest 함수를 사용하면 해당 데이터에 존재하는 모든 변수간 상관계수 검정을 진행할 수 있는데요, 99mtcars에 있는 모든 변수에 대해 상관계수 검정을 진행해보겠습니다.  
  
* cor.mtest 함수를 실행하면, p값이 저장되어 있는 p, 신뢰구간의 하단을 나타내는 lowCI,  
신뢰구간의 상단을 나타내는 uppCI 총 3개의 변수로 결과 값이 나옵니다.  
  
* 저는 p값만 사용하며, 변수가 많은 경우, 아래와 같이 출력해서 통계적 유의미성을 확인하는 것은 한계가 있습니다. 


```r
# mtcars 데이터의 모든 변수간 상관계수 검정 진행
mtcars%&gt;%cor.mtest(method='pearson')
```

```
## $p
##               mpg          cyl         disp           hp         drat
## mpg  0.000000e+00 6.112687e-10 9.380327e-10 1.787835e-07 1.776240e-05
## cyl  6.112687e-10 0.000000e+00 1.802838e-12 3.477861e-09 8.244636e-06
## disp 9.380327e-10 1.802838e-12 0.000000e+00 7.142679e-08 5.282022e-06
## hp   1.787835e-07 3.477861e-09 7.142679e-08 0.000000e+00 9.988772e-03
## drat 1.776240e-05 8.244636e-06 5.282022e-06 9.988772e-03 0.000000e+00
## wt   1.293959e-10 1.217567e-07 1.222320e-11 4.145827e-05 4.784260e-06
## qsec 1.708199e-02 3.660533e-04 1.314404e-02 5.766253e-06 6.195826e-01
## vs   3.415937e-05 1.843018e-08 5.235012e-06 2.940896e-06 1.167553e-02
## am   2.850207e-04 2.151207e-03 3.662114e-04 1.798309e-01 4.726790e-06
## gear 5.400948e-03 4.173297e-03 9.635921e-04 4.930119e-01 8.360110e-06
## carb 1.084446e-03 1.942340e-03 2.526789e-02 7.827810e-07 6.211834e-01
##                wt         qsec           vs           am         gear
## mpg  1.293959e-10 1.708199e-02 3.415937e-05 2.850207e-04 5.400948e-03
## cyl  1.217567e-07 3.660533e-04 1.843018e-08 2.151207e-03 4.173297e-03
## disp 1.222320e-11 1.314404e-02 5.235012e-06 3.662114e-04 9.635921e-04
## hp   4.145827e-05 5.766253e-06 2.940896e-06 1.798309e-01 4.930119e-01
## drat 4.784260e-06 6.195826e-01 1.167553e-02 4.726790e-06 8.360110e-06
## wt   0.000000e+00 3.388683e-01 9.798492e-04 1.125440e-05 4.586601e-04
## qsec 3.388683e-01 0.000000e+00 1.029669e-06 2.056621e-01 2.425344e-01
## vs   9.798492e-04 1.029669e-06 0.000000e+00 3.570439e-01 2.579439e-01
## am   1.125440e-05 2.056621e-01 3.570439e-01 0.000000e+00 5.834043e-08
## gear 4.586601e-04 2.425344e-01 2.579439e-01 5.834043e-08 0.000000e+00
## carb 1.463861e-02 4.536949e-05 6.670496e-04 7.544526e-01 1.290291e-01
##              carb
## mpg  1.084446e-03
## cyl  1.942340e-03
## disp 2.526789e-02
## hp   7.827810e-07
## drat 6.211834e-01
## wt   1.463861e-02
## qsec 4.536949e-05
## vs   6.670496e-04
## am   7.544526e-01
## gear 1.290291e-01
## carb 0.000000e+00
## 
## $lowCI
##              mpg        cyl        disp         hp       drat          wt
## mpg   1.00000000 -0.9257694 -0.92335937 -0.8852686  0.4360484 -0.93382641
## cyl  -0.92576936  1.0000000  0.80724418  0.6816016 -0.8429083  0.59657947
## disp -0.92335937  0.8072442  1.00000000  0.6106794 -0.8487237  0.78115863
## hp   -0.88526861  0.6816016  0.61067938  1.0000000 -0.6895522  0.40251134
## drat  0.43604838 -0.8429083 -0.84872374 -0.6895522  1.0000000 -0.84997951
## wt   -0.93382641  0.5965795  0.78115863  0.4025113 -0.8499795  1.00000000
## qsec  0.08195487 -0.7792781 -0.67961513 -0.8475998 -0.2659470 -0.49335358
## vs    0.41036301 -0.9039393 -0.84883771 -0.8559675  0.1081948 -0.75711174
## am    0.31755830 -0.7369979 -0.77926901 -0.5456270  0.4843991 -0.83867523
## gear  0.15806177 -0.7180260 -0.75751468 -0.4544774  0.4641440 -0.77446381
## carb -0.75464796  0.2184331  0.05367539  0.5431200 -0.4259976  0.09273981
##             qsec         vs         am        gear        carb
## mpg   0.08195487  0.4103630  0.3175583  0.15806177 -0.75464796
## cyl  -0.77927809 -0.9039393 -0.7369979 -0.71802597  0.21843307
## disp -0.67961513 -0.8488377 -0.7792690 -0.75751468  0.05367539
## hp   -0.84759984 -0.8559675 -0.5456270 -0.45447743  0.54311998
## drat -0.26594700  0.1081948  0.4843991  0.46414402 -0.42599760
## wt   -0.49335358 -0.7571117 -0.8386752 -0.77446381  0.09273981
## qsec  1.00000000  0.5346428 -0.5356240 -0.52261830 -0.81780480
## vs    0.53464277  1.0000000 -0.1915957 -0.15371324 -0.76613289
## am   -0.53562398 -0.1915957  1.0000000  0.61589632 -0.29712041
## gear -0.52261830 -0.1537132  0.6158963  1.00000000 -0.08250603
## carb -0.81780480 -0.7661329 -0.2971204 -0.08250603  1.00000000
## 
## $uppCI
##             mpg        cyl       disp         hp       drat         wt
## mpg   1.0000000 -0.7163171 -0.7081376 -0.5860994  0.8322010 -0.7440872
## cyl  -0.7163171  1.0000000  0.9514607  0.9154223 -0.4646481  0.8887052
## disp -0.7081376  0.9514607  1.0000000  0.8932775 -0.4805193  0.9442902
## hp   -0.5860994  0.9154223  0.8932775  1.0000000 -0.1186280  0.8192573
## drat  0.8322010 -0.4646481 -0.4805193 -0.1186280  1.0000000 -0.4839784
## wt   -0.7440872  0.8887052  0.9442902  0.8192573 -0.4839784  1.0000000
## qsec  0.6696186 -0.3055388 -0.1001493 -0.4774331  0.4263400  0.1852649
## vs    0.8223262 -0.6442689 -0.4808327 -0.5006318  0.6839680 -0.2556982
## am    0.7844520 -0.2126675 -0.3055178  0.1152646  0.8501319 -0.4532461
## gear  0.7100628 -0.1738615 -0.2565810  0.2332119  0.8427222 -0.2944887
## carb -0.2503183  0.7397479  0.6536467  0.8708249  0.2663358  0.6755700
##            qsec         vs         am       gear       carb
## mpg   0.6696186  0.8223262  0.7844520  0.7100628 -0.2503183
## cyl  -0.3055388 -0.6442689 -0.2126675 -0.1738615  0.7397479
## disp -0.1001493 -0.4808327 -0.3055178 -0.2565810  0.6536467
## hp   -0.4774331 -0.5006318  0.1152646  0.2332119  0.8708249
## drat  0.4263400  0.6839680  0.8501319  0.8427222  0.2663358
## wt    0.1852649 -0.2556982 -0.4532461 -0.2944887  0.6755700
## qsec  1.0000000  0.8679076  0.1291876  0.1469065 -0.3988165
## vs    0.8679076  1.0000000  0.4883712  0.5175379 -0.2756654
## am    0.1291876  0.4883712  1.0000000  0.8949546  0.3982389
## gear  0.1469065  0.5175379  0.8949546  1.0000000  0.5684422
## carb -0.3988165 -0.2756654  0.3982389  0.5684422  1.0000000
```

---
    
## 4. 상관분석 시각화

### 4.1 유의값 확인


           

```r
# mtcars 데이터의 모든 변수간 상관계수 검정 진행 후, p.value 로 저장
mtcars%&gt;%cor.mtest(method='pearson')-&gt;p.value

#p.value 구조, 변수 확인하기 
str(p.value)
```

```
## List of 3
##  $ p    : num [1:11, 1:11] 0.00 6.11e-10 9.38e-10 1.79e-07 1.78e-05 ...
##   ..- attr(*, "dimnames")=List of 2
##   .. ..$ : chr [1:11] "mpg" "cyl" "disp" "hp" ...
##   .. ..$ : chr [1:11] "mpg" "cyl" "disp" "hp" ...
##  $ lowCI: num [1:11, 1:11] 1 -0.926 -0.923 -0.885 0.436 ...
##   ..- attr(*, "dimnames")=List of 2
##   .. ..$ : chr [1:11] "mpg" "cyl" "disp" "hp" ...
##   .. ..$ : chr [1:11] "mpg" "cyl" "disp" "hp" ...
##  $ uppCI: num [1:11, 1:11] 1 -0.716 -0.708 -0.586 0.832 ...
##   ..- attr(*, "dimnames")=List of 2
##   .. ..$ : chr [1:11] "mpg" "cyl" "disp" "hp" ...
##   .. ..$ : chr [1:11] "mpg" "cyl" "disp" "hp" ...
```
 
* 먼저 mtcars 변수들에 대해 상관계수 검정을 진행합니다. (pearson 상관계수 양측검정)  
  
* str함수를 통해 p.value 의 구조를 살펴보면 p.value는 p값, lowCI값, uppCI 값으로 구성되어 있으며, 저희는 상관계수인 p값만 필요하기에 리스트 첫번째 p.value[[1]] = p값만 뽑아서 사용합니다.  
  
  
---
### 4.2 그림으로 확인 


```r
mtcars %&gt;% cor %&gt;% 
  corrplot.mixed(p.mat=p.mat[[1]], sig.level=.05, lower = 'number',
                 upper='pie', tl.cex=.6, tl.col='black',order='hclust')
```

* 위 코드의 뜻은 다음과 같습니다. mtcars 원 데이터를 cor 함수에 넣어서 상관 분석을 한 뒤, corrplot.mixed 함수에 넣어 시각화를 진행합니다.  

* corrplot.mixed 함수 내부의 옵션은 정말 여러가지가 있는데, 제가 주로 사용하는 것은 다음과 같습니다.  

  &gt;* p.mat : 상관계수 검정결과  
  &gt;* sig.level : 유의확율이며, sig.level 보다 큰 경우, 그림에 x표시됨  
  &gt;* upper/lower : 윗부분/아랫부분을 어떤 타입을 나타낼지 선택해줌  
  &gt;* order = hclust : 계층적 군집 결과에 따라 변수의 순서를 배열해줌  
  &gt;* tl.col ='black' : 중간 대각선 텍스트 라벨의 색을 검정색으로 지정함  
  &gt;* tl.cex = .6 : 중간 대각선 텍스트 라벨의 크기를 0.6으로 정함  
  
* 이 외에도 corrplot에는 다양한 기능들이 있으며, 더 자세한 내용은 아래 링크 참조 부탁드립니다.  
  [Rpubs corrplot 소개 페이지](https://rpubs.com/cardiomoon/27134)  
  
---
### 4.2 그림으로 확인 


* Rstudo에서 그림을 확인하실 때는 ```dev.new()``` 함수로 새 창을 열어주고, 아래의 내용을 실행하여 그림을 그려줍니다. 


```r
# dev.new()  실습할 때는 # 제거후 확인 
mtcars %&gt;% na.omit%&gt;%cor %&gt;% 
  corrplot.mixed(p.mat=p.value[[1]], sig.level=.05, lower = 'number', 
                 upper='pie', tl.cex=.6, tl.col='black', order='hclust')
```

&lt;img src="09-R-program-correlation,-regression_files/figure-html/corrplot with p.value-1.png" style="display: block; margin: auto;" /&gt;
  
* 위와 같이 상관분석 결과를 한눈에 보실 수 있으며, 파란색이 진해질수록 정적 상관이, 붉은색이 진해질수록 부적 상관이 크고, pie를 차지하는 면적이 클수록 상관계수가 큼을 알 수 있습니다  
    </textarea>
<style data-target="print-only">@media screen {.remark-slide-container{display:block;}.remark-slide-scaler{box-shadow:none;}}</style>
<script src="https://remarkjs.com/downloads/remark-latest.min.js"></script>
<script>var slideshow = remark.create({
"highlightStyle": "github",
"highlightLines": true,
"countIncrementalSlides": false
});
if (window.HTMLWidgets) slideshow.on('afterShowSlide', function (slide) {
  window.dispatchEvent(new Event('resize'));
});
(function(d) {
  var s = d.createElement("style"), r = d.querySelector(".remark-slide-scaler");
  if (!r) return;
  s.type = "text/css"; s.innerHTML = "@page {size: " + r.style.width + " " + r.style.height +"; }";
  d.head.appendChild(s);
})(document);

(function(d) {
  var el = d.getElementsByClassName("remark-slides-area");
  if (!el) return;
  var slide, slides = slideshow.getSlides(), els = el[0].children;
  for (var i = 1; i < slides.length; i++) {
    slide = slides[i];
    if (slide.properties.continued === "true" || slide.properties.count === "false") {
      els[i - 1].className += ' has-continuation';
    }
  }
  var s = d.createElement("style");
  s.type = "text/css"; s.innerHTML = "@media print { .has-continuation { display: none; } }";
  d.head.appendChild(s);
})(document);
// delete the temporary CSS (for displaying all slides initially) when the user
// starts to view slides
(function() {
  var deleted = false;
  slideshow.on('beforeShowSlide', function(slide) {
    if (deleted) return;
    var sheets = document.styleSheets, node;
    for (var i = 0; i < sheets.length; i++) {
      node = sheets[i].ownerNode;
      if (node.dataset["target"] !== "print-only") continue;
      node.parentNode.removeChild(node);
    }
    deleted = true;
  });
})();
(function() {
  "use strict"
  // Replace <script> tags in slides area to make them executable
  var scripts = document.querySelectorAll(
    '.remark-slides-area .remark-slide-container script'
  );
  if (!scripts.length) return;
  for (var i = 0; i < scripts.length; i++) {
    var s = document.createElement('script');
    var code = document.createTextNode(scripts[i].textContent);
    s.appendChild(code);
    var scriptAttrs = scripts[i].attributes;
    for (var j = 0; j < scriptAttrs.length; j++) {
      s.setAttribute(scriptAttrs[j].name, scriptAttrs[j].value);
    }
    scripts[i].parentElement.replaceChild(s, scripts[i]);
  }
})();
(function() {
  var links = document.getElementsByTagName('a');
  for (var i = 0; i < links.length; i++) {
    if (/^(https?:)?\/\//.test(links[i].getAttribute('href'))) {
      links[i].target = '_blank';
    }
  }
})();
// adds .remark-code-has-line-highlighted class to <pre> parent elements
// of code chunks containing highlighted lines with class .remark-code-line-highlighted
(function(d) {
  const hlines = d.querySelectorAll('.remark-code-line-highlighted');
  const preParents = [];
  const findPreParent = function(line, p = 0) {
    if (p > 1) return null; // traverse up no further than grandparent
    const el = line.parentElement;
    return el.tagName === "PRE" ? el : findPreParent(el, ++p);
  };

  for (let line of hlines) {
    let pre = findPreParent(line);
    if (pre && !preParents.includes(pre)) preParents.push(pre);
  }
  preParents.forEach(p => p.classList.add("remark-code-has-line-highlighted"));
})(document);</script>

<script>
slideshow._releaseMath = function(el) {
  var i, text, code, codes = el.getElementsByTagName('code');
  for (i = 0; i < codes.length;) {
    code = codes[i];
    if (code.parentNode.tagName !== 'PRE' && code.childElementCount === 0) {
      text = code.textContent;
      if (/^\\\((.|\s)+\\\)$/.test(text) || /^\\\[(.|\s)+\\\]$/.test(text) ||
          /^\$\$(.|\s)+\$\$$/.test(text) ||
          /^\\begin\{([^}]+)\}(.|\s)+\\end\{[^}]+\}$/.test(text)) {
        code.outerHTML = code.innerHTML;  // remove <code></code>
        continue;
      }
    }
    i++;
  }
};
slideshow._releaseMath(document);
</script>
<!-- dynamically load mathjax for compatibility with self-contained -->
<script>
(function () {
  var script = document.createElement('script');
  script.type = 'text/javascript';
  script.src  = 'https://mathjax.rstudio.com/latest/MathJax.js?config=TeX-MML-AM_CHTML';
  if (location.protocol !== 'file:' && /^https?:/.test(script.src))
    script.src  = script.src.replace(/^https?:/, '');
  document.getElementsByTagName('head')[0].appendChild(script);
})();
</script>
  </body>
</html>
